100
1736360
1706290
1612240
1624240
1649630
1637470
1530860
1652890
1591270
1593250
1495290
1581110
1601240
1699350
1567040
1510940
1537790
1435210
1723600
1598650
1563950
1661130
1567840
1505020
1564130
1588230
1531220
1613710
1603640
1621340
1631640
1597690
1536040
1640530
1622990
1502220
1600360
1596450
1674350
1626300
1503700
1584830
1595950
1526170
1690530
1715640
1670240
1642220
1660440
1557990
1700060
1525630
1572740
1478720
1576950
1619930
1546980
1633030
1759760
1560390
1679450
1591070
1618720
1538340
1577260
1505580
1657830
1709900
1743600
1650600
1623810
1616730
1534920
1660570
1814160
1559800
1708310
1706790
1605240
1617940
1635780
1674150
1514560
1721950
1639220
1620260
1608870
1525480
1609840
1536780
1630560
1672430
1716850
1584180
1758820
1588470
1483810
1616740
1420330
1598240
